R -33 0
R -33 1
R -33 2
R -33 3
R -33 7
R -33 9223372036854775807
R -32 0
R -32 1
R -32 2
R -32 3
R -32 7
R -32 9223372036854775807
R -31 0
R -31 1
R -31 2
R -31 3
R -31 7
R -31 9223372036854775807
R -30 0
R -30 1
R -30 2
R -30 3
R -30 7
R -30 9223372036854775807
R -29 0
R -29 1
R -29 2
R -29 3
R -29 7
R -29 9223372036854775807
R -28 0
R -28 1
R -28 2
R -28 3
R -28 7
R -28 9223372036854775807
R -27 0
R -27 1
R -27 2
R -27 3
R -27 7
R -27 9223372036854775807
R -26 0
R -26 1
R -26 2
R -26 3
R -26 7
R -26 9223372036854775807
R -25 0
R -25 1
R -25 2
R -25 3
R -25 7
R -25 9223372036854775807
R -24 0
R -24 1
R -24 2
R -24 3
R -24 7
R -24 9223372036854775807
R -23 0
R -23 1
R -23 2
R -23 3
R -23 7
R -23 9223372036854775807
R -22 0
R -22 1
R -22 2
R -22 3
R -22 7
R -22 9223372036854775807
R -21 0
R -21 1
R -21 2
R -21 3
R -21 7
R -21 9223372036854775807
R -20 0
R -20 1
R -20 2
R -20 3
R -20 7
R -20 9223372036854775807
R -19 0
R -19 1
R -19 2
R -19 3
R -19 7
R -19 9223372036854775807
R -18 0
R -18 1
R -18 2
R -18 3
R -18 7
R -18 9223372036854775807
R -17 0
R -17 1
R -17 2
R -17 3
R -17 7
R -17 9223372036854775807
R -16 0
R -16 1
R -16 2
R -16 3
R -16 7
R -16 9223372036854775807
R -15 0
R -15 1
R -15 2
R -15 3
R -15 7
R -15 9223372036854775807
R -14 0
R -14 1
R -14 2
R -14 3
R -14 7
R -14 9223372036854775807
R -13 0
R -13 1
R -13 2
R -13 3
R -13 7
R -13 9223372036854775807
R -12 0
R -12 1
R -12 2
R -12 3
R -12 7
R -12 9223372036854775807
R -11 0
R -11 1
R -11 2
R -11 3
R -11 7
R -11 9223372036854775807
R -10 0
R -10 1
R -10 2
R -10 3
R -10 7
R -10 9223372036854775807
R -9 0
R -9 1
R -9 2
R -9 3
R -9 7
R -9 9223372036854775807
R -8 0
R -8 1
R -8 2
R -8 3
R -8 7
R -8 9223372036854775807
R -7 0
R -7 1
R -7 2
R -7 3
R -7 7
R -7 9223372036854775807
R -6 0
R -6 1
R -6 2
R -6 3
R -6 7
R -6 9223372036854775807
R -5 0
R -5 1
R -5 2
R -5 3
R -5 7
R -5 9223372036854775807
R -4 0
R -4 1
R -4 2
R -4 3
R -4 7
R -4 9223372036854775807
R -3 0
R -3 1
R -3 2
R -3 3
R -3 7
R -3 9223372036854775807
R -2 0
R -2 1
R -2 2
R -2 3
R -2 7
R -2 9223372036854775807
R -1 0
R -1 1
R -1 2
R -1 3
R -1 7
R -1 9223372036854775807
R 0 0
R 0 1
R 0 2
R 0 3
R 0 7
R 0 9223372036854775807
R 1 0
R 1 1
R 1 2
R 1 3
R 1 7
R 1 9223372036854775807
R 2 0
R 2 1
R 2 2
R 2 3
R 2 7
R 2 9223372036854775807
R 3 0
R 3 1
R 3 2
R 3 3
R 3 7
R 3 9223372036854775807
R 4 0
R 4 1
R 4 2
R 4 3
R 4 7
R 4 9223372036854775807
R 5 0
R 5 1
R 5 2
R 5 3
R 5 7
R 5 9223372036854775807
R 6 0
R 6 1
R 6 2
R 6 3
R 6 7
R 6 9223372036854775807
R 7 0
R 7 1
R 7 2
R 7 3
R 7 7
R 7 9223372036854775807
R 8 0
R 8 1
R 8 2
R 8 3
R 8 7
R 8 9223372036854775807
R 9 0
R 9 1
R 9 2
R 9 3
R 9 7
R 9 9223372036854775807
R 10 0
R 10 1
R 10 2
R 10 3
R 10 7
R 10 9223372036854775807
R 11 0
R 11 1
R 11 2
R 11 3
R 11 7
R 11 9223372036854775807
R 12 0
R 12 1
R 12 2
R 12 3
R 12 7
R 12 9223372036854775807
R 13 0
R 13 1
R 13 2
R 13 3
R 13 7
R 13 9223372036854775807
R 14 0
R 14 1
R 14 2
R 14 3
R 14 7
R 14 9223372036854775807
R 15 0
R 15 1
R 15 2
R 15 3
R 15 7
R 15 9223372036854775807
R 16 0
R 16 1
R 16 2
R 16 3
R 16 7
R 16 9223372036854775807
R 17 0
R 17 1
R 17 2
R 17 3
R 17 7
R 17 9223372036854775807
R 18 0
R 18 1
R 18 2
R 18 3
R 18 7
R 18 9223372036854775807
R 19 0
R 19 1
R 19 2
R 19 3
R 19 7
R 19 9223372036854775807
R 20 0
R 20 1
R 20 2
R 20 3
R 20 7
R 20 9223372036854775807
R 21 0
R 21 1
R 21 2
R 21 3
R 21 7
R 21 9223372036854775807
R 22 0
R 22 1
R 22 2
R 22 3
R 22 7
R 22 9223372036854775807
R 23 0
R 23 1
R 23 2
R 23 3
R 23 7
R 23 9223372036854775807
R 24 0
R 24 1
R 24 2
R 24 3
R 24 7
R 24 9223372036854775807
R 25 0
R 25 1
R 25 2
R 25 3
R 25 7
R 25 9223372036854775807
R 26 0
R 26 1
R 26 2
R 26 3
R 26 7
R 26 9223372036854775807
R 27 0
R 27 1
R 27 2
R 27 3
R 27 7
R 27 9223372036854775807
R 28 0
R 28 1
R 28 2
R 28 3
R 28 7
R 28 9223372036854775807
R 29 0
R 29 1
R 29 2
R 29 3
R 29 7
R 29 9223372036854775807
R 30 0
R 30 1
R 30 2
R 30 3
R 30 7
R 30 9223372036854775807
R 31 0
R 31 1
R 31 2
R 31 3
R 31 7
R 31 9223372036854775807
R 32 0
R 32 1
R 32 2
R 32 3
R 32 7
R 32 9223372036854775807
R 33 0
R 33 1
R 33 2
R 33 3
R 33 7
R 33 9223372036854775807
R -170141183460469231731687303715884105728 0
R -170141183460469231731687303715884105728 1
R -170141183460469231731687303715884105728 2
R -170141183460469231731687303715884105728 3
R -170141183460469231731687303715884105728 7
R -170141183460469231731687303715884105728 9223372036854775807
R 170141183460469231731687303715884105727 0
R 170141183460469231731687303715884105727 1
R 170141183460469231731687303715884105727 2
R 170141183460469231731687303715884105727 3
R 170141183460469231731687303715884105727 7
R 170141183460469231731687303715884105727 9223372036854775807
R -9223372036854775808 0
R -9223372036854775808 1
R -9223372036854775808 2
R -9223372036854775808 3
R -9223372036854775808 7
R -9223372036854775808 9223372036854775807
R 9223372036854775807 0
R 9223372036854775807 1
R 9223372036854775807 2
R 9223372036854775807 3
R 9223372036854775807 7
R 9223372036854775807 9223372036854775807
D 64 -1 1 1 1 1 1
D 64 -1 2 1 1 1 1
D 64 -1 1 1 2 1 4
D 64 -1 2 1 2 1 4
D 64 -1 1 2 1 1 1
D 64 -1 2 2 1 1 1
D 64 0 1 1 1 1 1
D 64 0 2 1 1 1 1
D 64 0 1 1 2 1 4
D 64 0 2 1 2 1 4
D 64 0 1 2 1 1 1
D 64 0 2 2 1 1 1
D 64 1 1 1 1 1 1
D 64 1 2 1 1 1 1
D 64 1 1 1 2 1 4
D 64 1 2 1 2 1 4
D 64 1 1 2 1 1 1
D 64 1 2 2 1 1 1
D 64 -9223372036854775808 1 1 1 1 1
D 64 -9223372036854775808 2 1 1 1 1
D 64 -9223372036854775808 1 1 2 1 4
D 64 -9223372036854775808 2 1 2 1 4
D 64 -9223372036854775808 1 2 1 1 1
D 64 -9223372036854775808 2 2 1 1 1
D 64 9223372036854775807 1 1 1 1 1
D 64 9223372036854775807 2 1 1 1 1
D 64 9223372036854775807 1 1 2 1 4
D 64 9223372036854775807 2 1 2 1 4
D 64 9223372036854775807 1 2 1 1 1
D 64 9223372036854775807 2 2 1 1 1
D 64 170141183460469231731687303715884105727 1 1 1 1 1
D 64 170141183460469231731687303715884105727 2 1 1 1 1
D 64 170141183460469231731687303715884105727 1 1 2 1 4
D 64 170141183460469231731687303715884105727 2 1 2 1 4
D 64 170141183460469231731687303715884105727 1 2 1 1 1
D 64 170141183460469231731687303715884105727 2 2 1 1 1
D 128 -1 1 1 1 1 1
D 128 -1 2 1 1 1 1
D 128 -1 1 1 2 1 4
D 128 -1 2 1 2 1 4
D 128 -1 1 2 1 1 1
D 128 -1 2 2 1 1 1
D 128 0 1 1 1 1 1
D 128 0 2 1 1 1 1
D 128 0 1 1 2 1 4
D 128 0 2 1 2 1 4
D 128 0 1 2 1 1 1
D 128 0 2 2 1 1 1
D 128 1 1 1 1 1 1
D 128 1 2 1 1 1 1
D 128 1 1 1 2 1 4
D 128 1 2 1 2 1 4
D 128 1 1 2 1 1 1
D 128 1 2 2 1 1 1
D 128 -9223372036854775808 1 1 1 1 1
D 128 -9223372036854775808 2 1 1 1 1
D 128 -9223372036854775808 1 1 2 1 4
D 128 -9223372036854775808 2 1 2 1 4
D 128 -9223372036854775808 1 2 1 1 1
D 128 -9223372036854775808 2 2 1 1 1
D 128 9223372036854775807 1 1 1 1 1
D 128 9223372036854775807 2 1 1 1 1
D 128 9223372036854775807 1 1 2 1 4
D 128 9223372036854775807 2 1 2 1 4
D 128 9223372036854775807 1 2 1 1 1
D 128 9223372036854775807 2 2 1 1 1
D 128 170141183460469231731687303715884105727 1 1 1 1 1
D 128 170141183460469231731687303715884105727 2 1 1 1 1
D 128 170141183460469231731687303715884105727 1 1 2 1 4
D 128 170141183460469231731687303715884105727 2 1 2 1 4
D 128 170141183460469231731687303715884105727 1 2 1 1 1
D 128 170141183460469231731687303715884105727 2 2 1 1 1
P 64 1 3 1 1 -271 1 1 -872 1 1 689
P 128 2 3 1 2 778 1 2 -756 1 2 -138
P 64 6 3 1 6 189 1 6 -155 1 6 318
P 128 1 3 1 1 -855 1 1 139 1 1 -451
P 64 2 3 1 2 -726 1 2 -870 1 2 982
P 128 6 3 1 6 -428 1 6 -957 1 6 21
P 64 1 3 1 1 -375 1 1 -646 1 1 -511
P 128 2 3 1 2 -339 1 2 194 1 2 552
P 64 6 3 1 6 769 1 6 -381 1 6 -230
P 128 1 3 1 1 829 1 1 -97 1 1 653
P 64 2 3 1 2 572 1 2 285 1 2 -249
P 128 6 3 1 6 -9 1 6 -373 1 6 -181
P 64 1 3 1 1 -923 1 1 672 1 1 0
P 128 2 3 1 2 -803 1 2 986 1 2 226
P 64 6 3 1 6 315 1 6 816 1 6 35
P 128 1 3 1 1 -192 1 1 977 1 1 891
P 64 2 3 1 2 -283 1 2 -757 1 2 267
P 128 6 3 1 6 651 1 6 373 1 6 562
P 64 1 3 1 1 -250 1 1 -960 1 1 -772
P 128 2 3 1 2 820 1 2 414 1 2 -612
P 64 6 3 1 6 -354 1 6 811 1 6 -870
P 128 1 3 1 1 834 1 1 -910 1 1 988
P 64 2 3 1 2 -86 1 2 -275 1 2 -484
P 128 6 3 1 6 686 1 6 -931 1 6 503
P 64 1 3 1 1 978 1 1 957 1 1 74
P 128 2 3 1 2 -644 1 2 165 1 2 18
P 64 6 3 1 6 331 1 6 -302 1 6 -557
P 128 1 3 1 1 687 1 1 730 1 1 484
P 64 2 3 1 2 -42 1 2 -774 1 2 933
P 128 6 3 1 6 441 1 6 754 1 6 374
P 64 1 3 1 1 -54 1 1 898 1 1 761
P 128 2 3 1 2 548 1 2 -254 1 2 761
P 64 6 3 1 6 -958 1 6 913 1 6 713
P 128 1 3 1 1 16 1 1 -902 1 1 -229
P 64 2 3 1 2 -324 1 2 -223 1 2 736
P 128 6 3 1 6 162 1 6 202 1 6 -836
P 64 1 3 1 1 676 1 1 198 1 1 -569
P 128 2 3 1 2 773 1 2 728 1 2 -663
P 64 6 3 1 6 -27 1 6 -526 1 6 241
P 128 1 3 1 1 -152 1 1 -103 1 1 567
P 64 2 3 1 2 696 1 2 879 1 2 495
P 128 6 3 1 6 -218 1 6 323 1 6 -750
P 64 1 3 1 1 -827 1 1 -353 1 1 -284
P 128 2 3 1 2 173 1 2 761 1 2 -325
P 64 6 3 1 6 -776 1 6 -253 1 6 -898
P 128 1 3 1 1 -403 1 1 -747 1 1 474
P 64 2 3 1 2 -450 1 2 -496 1 2 968
P 128 6 3 1 6 165 1 6 -722 1 6 -421
P 64 1 3 1 1 -321 1 1 -981 1 1 447
P 128 2 3 1 2 537 1 2 -368 1 2 -514
P 64 6 3 1 6 -359 1 6 954 1 6 -3
P 128 1 3 1 1 229 1 1 641 1 1 -627
P 64 2 3 1 2 -958 1 2 74 1 2 -506
P 128 6 3 1 6 -139 1 6 26 1 6 -277
P 64 1 3 1 1 896 1 1 -307 1 1 361
P 128 2 3 1 2 -728 1 2 -371 1 2 -881
P 64 6 3 1 6 -379 1 6 113 1 6 832
P 128 1 3 1 1 -341 1 1 -66 1 1 205
P 64 2 3 1 2 981 1 2 22 1 2 -25
P 128 6 3 1 6 -705 1 6 -328 1 6 -791
P 64 1 3 1 1 841 1 1 812 1 1 491
P 128 2 3 1 2 -779 1 2 980 1 2 -919
P 64 6 3 1 6 -337 1 6 632 1 6 197
P 128 1 3 1 1 638 1 1 -604 1 1 -726
P 64 2 3 1 2 10 1 2 -215 1 2 415
P 128 6 3 1 6 435 1 6 482 1 6 302
P 64 1 3 1 1 520 1 1 -137 1 1 -280
P 128 2 3 1 2 -846 1 2 -853 1 2 -248
P 64 6 3 1 6 219 1 6 763 1 6 -866
P 128 1 3 1 1 -129 1 1 -113 1 1 681
P 64 2 3 1 2 -754 1 2 582 1 2 -140
P 128 6 3 1 6 -484 1 6 -96 1 6 308
P 64 1 3 1 1 469 1 1 298 1 1 -930
P 128 2 3 1 2 -869 1 2 237 1 2 -132
P 64 6 3 1 6 -637 1 6 513 1 6 -849
P 128 1 3 1 1 -111 1 1 -922 1 1 956
P 64 2 3 1 2 531 1 2 474 1 2 -401
P 128 6 3 1 6 -297 1 6 -612 1 6 139
P 64 1 3 1 1 778 1 1 -865 1 1 662
P 128 2 3 1 2 402 1 2 -579 1 2 512
P 64 6 3 1 6 84 1 6 578 1 6 -495
P 128 1 3 1 1 489 1 1 752 1 1 414
P 64 2 3 1 2 -108 1 2 375 1 2 -200
P 128 6 3 1 6 172 1 6 -413 1 6 230
P 64 1 3 1 1 -510 1 1 738 1 1 -73
P 128 2 3 1 2 -147 1 2 -75 1 2 -794
P 64 6 3 1 6 865 1 6 742 1 6 343
P 128 1 3 1 1 -440 1 1 81 1 1 590
P 64 2 3 1 2 422 1 2 869 1 2 426
P 128 6 3 1 6 -278 1 6 133 1 6 288
P 64 1 3 1 1 508 1 1 1 1 1 976
P 128 2 3 1 2 -780 1 2 -671 1 2 996
P 64 6 3 1 6 -972 1 6 653 1 6 -75
P 128 1 3 1 1 -741 1 1 -395 1 1 284
P 64 2 3 1 2 -643 1 2 853 1 2 126
P 128 6 3 1 6 544 1 6 -507 1 6 276
P 64 1 3 1 1 322 1 1 812 1 1 387
P 128 2 3 1 2 -472 1 2 466 1 2 318
P 64 6 3 1 6 -118 1 6 663 1 6 -368
P 128 1 3 1 1 -745 1 1 -308 1 1 918
P 64 2 3 1 2 -345 1 2 693 1 2 77
P 128 6 3 1 6 54 1 6 -933 1 6 58
P 64 1 3 1 1 -93 1 1 815 1 1 -821
P 128 2 3 1 2 -196 1 2 370 1 2 913
P 64 6 3 1 6 333 1 6 -186 1 6 -884
P 128 1 3 1 1 -940 1 1 -456 1 1 505
P 64 2 3 1 2 168 1 2 471 1 2 -473
P 128 6 3 1 6 -742 1 6 136 1 6 -712
P 64 1 3 1 1 -832 1 1 -12 1 1 195
P 128 2 3 1 2 -406 1 2 278 1 2 781
P 64 6 3 1 6 665 1 6 932 1 6 -799
P 128 1 3 1 1 843 1 1 396 1 1 -50
P 64 2 3 1 2 612 1 2 576 1 2 303
P 128 6 3 1 6 543 1 6 -677 1 6 841
P 64 1 3 1 1 -103 1 1 88 1 1 -939
P 128 2 3 1 2 -46 1 2 575 1 2 -358
P 64 6 3 1 6 578 1 6 576 1 6 -845
P 128 1 3 1 1 571 1 1 -206 1 1 534
P 64 2 3 1 2 -103 1 2 -760 1 2 267
P 128 6 3 1 6 326 1 6 529 1 6 236
P 64 1 3 1 1 -398 1 1 -822 1 1 -597
P 128 2 3 1 2 -282 1 2 -121 1 2 -790
P 64 6 3 1 6 210 1 6 433 1 6 707
P 128 1 3 1 1 301 1 1 259 1 1 855
P 64 2 3 1 2 605 1 2 480 1 2 -728
P 128 6 3 1 6 394 1 6 -897 1 6 -657
P 64 1 3 1 1 130 1 1 522 1 1 799
P 128 2 3 1 2 790 1 2 318 1 2 -61
P 64 6 3 1 6 -373 1 6 368 1 6 -709
P 128 1 3 1 1 252 1 1 419 1 1 8
P 64 2 3 1 2 -182 1 2 -440 1 2 95
P 128 6 3 1 6 975 1 6 -333 1 6 761
P 64 1 3 1 1 -984 1 1 327 1 1 338
P 128 2 3 1 2 600 1 2 -687 1 2 680
P 64 6 3 1 6 -776 1 6 -497 1 6 962
P 128 1 3 1 1 566 1 1 246 1 1 -717
P 64 2 3 1 2 860 1 2 -165 1 2 -203
P 128 6 3 1 6 237 1 6 -531 1 6 170
P 64 1 3 1 1 956 1 1 -930 1 1 929
P 128 2 3 1 2 975 1 2 708 1 2 -429
P 64 6 3 1 6 -57 1 6 -828 1 6 -577
P 128 1 3 1 1 -440 1 1 -415 1 1 816
P 64 2 3 1 2 545 1 2 -344 1 2 41
P 128 6 3 1 6 566 1 6 -429 1 6 -537
P 64 1 3 1 1 -654 1 1 -72 1 1 -693
P 128 2 3 1 2 -31 1 2 -327 1 2 -904
P 64 6 3 1 6 299 1 6 482 1 6 444
P 128 1 3 1 1 653 1 1 727 1 1 157
P 64 2 3 1 2 -991 1 2 475 1 2 -1000
P 128 6 3 1 6 712 1 6 -449 1 6 31
P 64 1 3 1 1 248 1 1 -955 1 1 504
P 128 2 3 1 2 -796 1 2 -798 1 2 -938
P 64 6 3 1 6 710 1 6 236 1 6 -240
P 128 1 3 1 1 -776 1 1 655 1 1 -601
P 64 2 3 1 2 -554 1 2 379 1 2 -185
P 128 6 3 1 6 -236 1 6 573 1 6 714
P 64 1 3 1 1 39 1 1 -457 1 1 912
P 128 2 3 1 2 866 1 2 268 1 2 327
P 64 6 3 1 6 -382 1 6 -72 1 6 401
P 128 1 3 1 1 -464 1 1 -684 1 1 -403
P 64 2 3 1 2 -573 1 2 7 1 2 349
P 128 6 3 1 6 -49 1 6 -648 1 6 729
P 64 1 3 1 1 -793 1 1 457 1 1 292
P 128 2 3 1 2 -803 1 2 589 1 2 904
P 64 6 3 1 6 332 1 6 -337 1 6 455
P 128 1 3 1 1 -364 1 1 -539 1 1 585
P 64 2 3 1 2 -289 1 2 913 1 2 285
P 128 6 3 1 6 957 1 6 -568 1 6 -592
P 64 1 3 1 1 -561 1 1 8 1 1 804
P 128 2 3 1 2 -671 1 2 -563 1 2 -742
P 64 6 3 1 6 -363 1 6 111 1 6 -115
P 128 1 3 1 1 -789 1 1 -702 1 1 -694
P 64 2 3 1 2 133 1 2 -316 1 2 447
P 128 6 3 1 6 247 1 6 -458 1 6 946
P 64 1 3 1 1 109 1 1 -416 1 1 -943
P 128 2 3 1 2 -471 1 2 428 1 2 -522
P 64 6 3 1 6 274 1 6 948 1 6 246
P 128 1 3 1 1 -63 1 1 447 1 1 -360
P 64 2 3 1 2 114 1 2 607 1 2 237
P 128 6 3 1 6 433 1 6 -217 1 6 -843
P 64 1 3 1 1 220 1 1 -895 1 1 -73
P 128 2 3 1 2 -445 1 2 49 1 2 -121
P 64 6 3 1 6 -424 1 6 -250 1 6 492
P 128 1 3 1 1 922 1 1 -231 1 1 371
P 64 2 3 1 2 11 1 2 -95 1 2 -425
P 128 6 3 1 6 -943 1 6 164 1 6 -475
P 64 1 3 1 1 -932 1 1 -581 1 1 595
P 128 2 3 1 2 22 1 2 568 1 2 776
P 64 6 3 1 6 472 1 6 237 1 6 764
P 128 1 3 1 1 -218 1 1 810 1 1 692
P 64 2 3 1 2 -605 1 2 -134 1 2 840
P 128 6 3 1 6 250 1 6 -496 1 6 -662
P 64 1 3 1 1 -339 1 1 -797 1 1 735
P 128 2 3 1 2 526 1 2 986 1 2 -897
P 64 6 3 1 6 -432 1 6 -370 1 6 579
P 128 1 3 1 1 -84 1 1 133 1 1 -469
P 64 2 3 1 2 -648 1 2 -485 1 2 -214
P 128 6 3 1 6 -403 1 6 472 1 6 9
P 64 1 3 1 1 -715 1 1 715 1 1 -19
P 128 2 3 1 2 648 1 2 -577 1 2 -93
P 64 6 3 1 6 -538 1 6 371 1 6 234
P 128 1 3 1 1 596 1 1 -631 1 1 -873
P 64 2 3 1 2 -412 1 2 154 1 2 -937
P 128 6 3 1 6 115 1 6 949 1 6 -399
P 64 1 3 1 1 385 1 1 -246 1 1 -505
P 128 2 3 1 2 911 1 2 580 1 2 -894
P 64 6 3 1 6 280 1 6 -675 1 6 991
P 128 1 3 1 1 -577 1 1 -708 1 1 310
P 64 2 3 1 2 745 1 2 722 1 2 -731
P 128 6 3 1 6 -901 1 6 755 1 6 -804
P 64 1 3 1 1 -979 1 1 930 1 1 125
P 128 2 3 1 2 -671 1 2 520 1 2 377
P 64 6 3 1 6 -965 1 6 -919 1 6 -198
P 128 1 3 1 1 -138 1 1 981 1 1 -699
P 64 2 3 1 2 85 1 2 -680 1 2 -134
P 128 6 3 1 6 -6 1 6 352 1 6 -746
P 64 1 3 1 1 -732 1 1 -676 1 1 54
P 128 2 3 1 2 532 1 2 -735 1 2 -74
P 64 6 3 1 6 341 1 6 133 1 6 -754
P 128 1 3 1 1 -94 1 1 -894 1 1 277
P 64 2 3 1 2 -229 1 2 -344 1 2 -163
P 128 6 3 1 6 -969 1 6 766 1 6 -866
P 64 1 3 1 1 -301 1 1 -343 1 1 391
P 128 2 3 1 2 924 1 2 -729 1 2 -819
P 64 6 3 1 6 246 1 6 -993 1 6 -671
P 128 1 3 1 1 712 1 1 -588 1 1 -508
P 64 2 3 1 2 985 1 2 -770 1 2 772
P 128 6 3 1 6 824 1 6 -296 1 6 406
P 64 1 3 1 1 651 1 1 993 1 1 -505
P 128 2 3 1 2 99 1 2 422 1 2 127
P 64 6 3 1 6 188 1 6 -424 1 6 308
P 128 1 3 1 1 -22 1 1 591 1 1 -866
P 64 2 3 1 2 779 1 2 -546 1 2 272
P 128 6 3 1 6 -548 1 6 -854 1 6 -150
P 64 1 3 1 1 -955 1 1 954 1 1 446
P 128 2 3 1 2 37 1 2 -227 1 2 78
P 64 6 3 1 6 -448 1 6 -375 1 6 738
P 128 1 3 1 1 363 1 1 906 1 1 293
P 64 2 3 1 2 866 1 2 -6 1 2 -468
P 128 6 3 1 6 707 1 6 682 1 6 -157
P 64 1 3 1 1 -817 1 1 873 1 1 899
P 128 2 3 1 2 743 1 2 -949 1 2 -522
P 64 6 3 1 6 -6 1 6 -356 1 6 580
P 128 1 3 1 1 97 1 1 808 1 1 -910
P 64 2 3 1 2 282 1 2 638 1 2 568
P 128 6 3 1 6 -277 1 6 -810 1 6 105
P 64 1 3 1 1 278 1 1 -648 1 1 422
P 128 2 3 1 2 -399 1 2 -364 1 2 -912
P 64 6 3 1 6 -952 1 6 -778 1 6 489
P 128 1 3 1 1 -543 1 1 -667 1 1 -770
P 64 2 3 1 2 153 1 2 -430 1 2 -75
P 128 6 3 1 6 528 1 6 254 1 6 504
P 64 1 3 1 1 -163 1 1 104 1 1 -734
P 128 2 3 1 2 20 1 2 -523 1 2 -223
P 64 6 3 1 6 -384 1 6 893 1 6 -9
P 128 1 3 1 1 -217 1 1 931 1 1 643
P 64 1 3 1 1 9223372036854775807 1 1 1 1 1 -1
P 128 1 3 1 1 9223372036854775807 1 1 1 1 1 -1
A 760 19 2 -79 1 2 87 1 2 1 1 1 2 1 10
A -262 -84 2 -88 1 2 -15 1 2 1 2 1 2 1 10
A -468 -86 2 -40 1 2 -65 1 2 1 3 1 2 1 10
A 761 -84 2 -64 1 2 -66 1 2 1 1 1 2 1 10
A -295 -8 2 -45 1 2 -78 1 2 1 2 1 2 1 10
A 93 34 2 -59 1 2 -100 1 2 1 3 1 2 1 10
A -143 81 2 2 1 2 87 1 2 1 1 1 2 1 10
A -771 -80 2 72 1 2 30 1 2 1 2 1 2 1 10
A -120 6 2 88 1 2 4 1 2 1 3 1 2 1 10
A -698 -5 2 52 1 2 -16 1 2 1 1 1 2 1 10
A 784 -4 2 -23 1 2 93 1 2 1 2 1 2 1 10
A 904 -30 2 24 1 2 83 1 2 1 3 1 2 1 10
A 845 76 2 95 1 2 61 1 2 1 1 1 2 1 10
A 537 18 2 -91 1 2 99 1 2 1 2 1 2 1 10
A -987 77 2 -6 1 2 -2 1 2 1 3 1 2 1 10
A -567 -39 2 92 1 2 -13 1 2 1 1 1 2 1 10
A -397 -58 2 92 1 2 -80 1 2 1 2 1 2 1 10
A 41 -85 2 -94 1 2 -96 1 2 1 3 1 2 1 10
A -270 24 2 -86 1 2 27 1 2 1 1 1 2 1 10
A 475 -63 2 -5 1 2 -94 1 2 1 2 1 2 1 10
A 583 65 2 50 1 2 23 1 2 1 3 1 2 1 10
A 452 78 2 -57 1 2 -85 1 2 1 1 1 2 1 10
A -389 -73 2 24 1 2 -19 1 2 1 2 1 2 1 10
A 508 -65 2 -19 1 2 -85 1 2 1 3 1 2 1 10
A 683 77 2 -77 1 2 42 1 2 1 1 1 2 1 10
A 340 -47 2 -39 1 2 -79 1 2 1 2 1 2 1 10
A -396 -72 2 -38 1 2 56 1 2 1 3 1 2 1 10
A 384 -61 2 100 1 2 -86 1 2 1 1 1 2 1 10
A -89 -53 2 -3 1 2 -19 1 2 1 2 1 2 1 10
A 567 41 2 -86 1 2 73 1 2 1 3 1 2 1 10
A 990 -39 2 -79 1 2 -58 1 2 1 1 1 2 1 10
A -216 31 2 -1 1 2 49 1 2 1 2 1 2 1 10
A -747 -58 2 -5 1 2 -70 1 2 1 3 1 2 1 10
A -616 -49 2 -20 1 2 84 1 2 1 1 1 2 1 10
A -172 58 2 -20 1 2 83 1 2 1 2 1 2 1 10
A 937 3 2 65 1 2 87 1 2 1 3 1 2 1 10
A -160 -32 2 -49 1 2 -11 1 2 1 1 1 2 1 10
A -805 84 2 -15 1 2 -96 1 2 1 2 1 2 1 10
A 504 -84 2 -96 1 2 -11 1 2 1 3 1 2 1 10
A 660 -82 2 -40 1 2 -7 1 2 1 1 1 2 1 10
A 867 -18 2 -83 1 2 65 1 2 1 2 1 2 1 10
A -60 94 2 4 1 2 -83 1 2 1 3 1 2 1 10
A -586 -20 2 95 1 2 -43 1 2 1 1 1 2 1 10
A 676 -30 2 62 1 2 42 1 2 1 2 1 2 1 10
A -515 -89 2 -62 1 2 38 1 2 1 3 1 2 1 10
A 237 -95 2 -83 1 2 63 1 2 1 1 1 2 1 10
A 381 4 2 73 1 2 59 1 2 1 2 1 2 1 10
A -464 6 2 59 1 2 28 1 2 1 3 1 2 1 10
A 903 15 2 12 1 2 89 1 2 1 1 1 2 1 10
A 868 4 2 -93 1 2 -15 1 2 1 2 1 2 1 10
A -68 53 2 15 1 2 -66 1 2 1 3 1 2 1 10
A 542 -88 2 9 1 2 56 1 2 1 1 1 2 1 10
A -121 45 2 -93 1 2 12 1 2 1 2 1 2 1 10
A 363 9 2 82 1 2 58 1 2 1 3 1 2 1 10
A -499 60 2 92 1 2 -29 1 2 1 1 1 2 1 10
A -162 56 2 94 1 2 80 1 2 1 2 1 2 1 10
A -280 5 2 87 1 2 -3 1 2 1 3 1 2 1 10
A 277 63 2 28 1 2 -15 1 2 1 1 1 2 1 10
A 972 81 2 16 1 2 80 1 2 1 2 1 2 1 10
A 531 96 2 2 1 2 -76 1 2 1 3 1 2 1 10
A -153 79 2 59 1 2 11 1 2 1 1 1 2 1 10
A -490 -97 2 -31 1 2 52 1 2 1 2 1 2 1 10
A -141 -2 2 34 1 2 -74 1 2 1 3 1 2 1 10
A -476 -85 2 2 1 2 -86 1 2 1 1 1 2 1 10
A -513 29 2 21 1 2 84 1 2 1 2 1 2 1 10
A 669 -76 2 -11 1 2 -84 1 2 1 3 1 2 1 10
A -398 -48 2 -18 1 2 11 1 2 1 1 1 2 1 10
A -673 -10 2 -70 1 2 -58 1 2 1 2 1 2 1 10
A -789 32 2 67 1 2 -59 1 2 1 3 1 2 1 10
A 332 -81 2 -69 1 2 6 1 2 1 1 1 2 1 10
A 516 10 2 -51 1 2 -8 1 2 1 2 1 2 1 10
A -740 -14 2 -19 1 2 4 1 2 1 3 1 2 1 10
A -379 -92 2 -38 1 2 -77 1 2 1 1 1 2 1 10
A -252 -40 2 -34 1 2 67 1 2 1 2 1 2 1 10
A 814 -69 2 -25 1 2 3 1 2 1 3 1 2 1 10
A 328 -27 2 -46 1 2 56 1 2 1 1 1 2 1 10
A -854 -61 2 96 1 2 75 1 2 1 2 1 2 1 10
A 416 -83 2 69 1 2 -17 1 2 1 3 1 2 1 10
A 514 -15 2 41 1 2 97 1 2 1 1 1 2 1 10
A 734 37 2 70 1 2 7 1 2 1 2 1 2 1 10
A -284 -46 2 59 1 2 -86 1 2 1 3 1 2 1 10
A 192 -94 2 50 1 2 -40 1 2 1 1 1 2 1 10
A -771 -6 2 8 1 2 17 1 2 1 2 1 2 1 10
A -120 -43 2 -68 1 2 -37 1 2 1 3 1 2 1 10
A 944 -66 2 -83 1 2 -41 1 2 1 1 1 2 1 10
A 292 64 2 11 1 2 2 1 2 1 2 1 2 1 10
A -482 81 2 -10 1 2 -58 1 2 1 3 1 2 1 10
A -137 25 2 -81 1 2 -34 1 2 1 1 1 2 1 10
A 751 38 2 -27 1 2 -39 1 2 1 2 1 2 1 10
A 895 -27 2 -89 1 2 60 1 2 1 3 1 2 1 10
A 218 -59 2 73 1 2 83 1 2 1 1 1 2 1 10
A 750 19 2 100 1 2 17 1 2 1 2 1 2 1 10
A -786 9 2 -84 1 2 7 1 2 1 3 1 2 1 10
A 54 -38 2 38 1 2 -80 1 2 1 1 1 2 1 10
A 657 71 2 42 1 2 28 1 2 1 2 1 2 1 10
A 480 -95 2 53 1 2 -81 1 2 1 3 1 2 1 10
A 762 2 2 87 1 2 -67 1 2 1 1 1 2 1 10
A 459 78 2 -89 1 2 -27 1 2 1 2 1 2 1 10
A -799 11 2 -35 1 2 97 1 2 1 3 1 2 1 10
A 889 63 2 67 1 2 -4 1 2 1 1 1 2 1 10
A -866 -3 2 15 1 2 -50 1 2 1 2 1 2 1 10
A 17 17 2 -63 1 2 -10 1 2 1 3 1 2 1 10
A 194 -81 2 13 1 2 56 1 2 1 1 1 2 1 10
A 77 -30 2 51 1 2 32 1 2 1 2 1 2 1 10
A 841 -77 2 89 1 2 -31 1 2 1 3 1 2 1 10
A -985 97 2 -79 1 2 -67 1 2 1 1 1 2 1 10
A -318 38 2 -23 1 2 -65 1 2 1 2 1 2 1 10
A 77 -82 2 -58 1 2 5 1 2 1 3 1 2 1 10
A 335 35 2 62 1 2 13 1 2 1 1 1 2 1 10
A 843 -28 2 -63 1 2 7 1 2 1 2 1 2 1 10
A -75 36 2 56 1 2 96 1 2 1 3 1 2 1 10
A 425 90 2 -33 1 2 -28 1 2 1 1 1 2 1 10
A 797 -15 2 -75 1 2 39 1 2 1 2 1 2 1 10
A -881 -48 2 33 1 2 -7 1 2 1 3 1 2 1 10
A 353 67 2 78 1 2 -84 1 2 1 1 1 2 1 10
A 548 10 2 -11 1 2 20 1 2 1 2 1 2 1 10
A 421 71 2 52 1 2 80 1 2 1 3 1 2 1 10
A -842 -85 2 -67 1 2 -44 1 2 1 1 1 2 1 10
A -413 75 2 62 1 2 52 1 2 1 2 1 2 1 10
A -597 8 2 -83 1 2 -86 1 2 1 3 1 2 1 10
A -468 -67 2 41 1 2 -56 1 2 1 1 1 2 1 10
A 611 -63 2 -30 1 2 38 1 2 1 2 1 2 1 10
A -65 52 2 73 1 2 32 1 2 1 3 1 2 1 10
A -4 -35 2 69 1 2 -57 1 2 1 1 1 2 1 10
A 705 8 2 -69 1 2 76 1 2 1 2 1 2 1 10
A 406 8 2 70 1 2 34 1 2 1 3 1 2 1 10
A 820 37 2 69 1 2 95 1 2 1 1 1 2 1 10
A -904 -78 2 12 1 2 -1 1 2 1 2 1 2 1 10
A -640 -43 2 44 1 2 72 1 2 1 3 1 2 1 10
A 540 47 2 17 1 2 86 1 2 1 1 1 2 1 10
A -869 16 2 48 1 2 4 1 2 1 2 1 2 1 10
A 842 24 2 -95 1 2 63 1 2 1 3 1 2 1 10
A 260 53 2 98 1 2 -28 1 2 1 1 1 2 1 10
A 238 -71 2 -50 1 2 -22 1 2 1 2 1 2 1 10
A -260 29 2 51 1 2 11 1 2 1 3 1 2 1 10
A 366 -87 2 -73 1 2 87 1 2 1 1 1 2 1 10
A -255 -41 2 35 1 2 92 1 2 1 2 1 2 1 10
A 895 -51 2 65 1 2 -75 1 2 1 3 1 2 1 10
A 7 37 2 34 1 2 66 1 2 1 1 1 2 1 10
A 100 39 2 -66 1 2 -94 1 2 1 2 1 2 1 10
A -379 76 2 -64 1 2 19 1 2 1 3 1 2 1 10
A -760 -76 2 -11 1 2 81 1 2 1 1 1 2 1 10
A -801 -81 2 -19 1 2 92 1 2 1 2 1 2 1 10
A -545 -2 2 -55 1 2 -42 1 2 1 3 1 2 1 10
A 243 -46 2 69 1 2 -75 1 2 1 1 1 2 1 10
A 578 74 2 -47 1 2 28 1 2 1 2 1 2 1 10
A 982 63 2 -16 1 2 53 1 2 1 3 1 2 1 10
A -657 15 2 -93 1 2 6 1 2 1 1 1 2 1 10
A 147 -20 2 -62 1 2 56 1 2 1 2 1 2 1 10
A 346 85 2 100 1 2 -15 1 2 1 3 1 2 1 10
A -929 -78 2 56 1 2 78 1 2 1 1 1 2 1 10
A -44 -23 2 15 1 2 -84 1 2 1 2 1 2 1 10
A 892 -77 2 87 1 2 -53 1 2 1 3 1 2 1 10
A -362 37 2 -92 1 2 85 1 2 1 1 1 2 1 10
A -323 -51 2 -16 1 2 32 1 2 1 2 1 2 1 10
A -341 88 2 -59 1 2 50 1 2 1 3 1 2 1 10
A -418 -67 2 14 1 2 -82 1 2 1 1 1 2 1 10
A 186 39 2 -89 1 2 -56 1 2 1 2 1 2 1 10
A 204 -72 2 -11 1 2 79 1 2 1 3 1 2 1 10
A -708 19 2 -97 1 2 -83 1 2 1 1 1 2 1 10
A 753 36 2 66 1 2 16 1 2 1 2 1 2 1 10
A 402 -83 2 -83 1 2 -87 1 2 1 3 1 2 1 10
A 245 34 2 4 1 2 6 1 2 1 1 1 2 1 10
A 411 -65 2 -94 1 2 9 1 2 1 2 1 2 1 10
A 847 19 2 -77 1 2 -61 1 2 1 3 1 2 1 10
A 197 80 2 50 1 2 70 1 2 1 1 1 2 1 10
A 806 -65 2 -67 1 2 27 1 2 1 2 1 2 1 10
A 813 45 2 12 1 2 -81 1 2 1 3 1 2 1 10
A 365 64 2 19 1 2 47 1 2 1 1 1 2 1 10
A 996 59 2 32 1 2 -59 1 2 1 2 1 2 1 10
A -830 -98 2 23 1 2 -2 1 2 1 3 1 2 1 10
A -7 -62 2 -90 1 2 81 1 2 1 1 1 2 1 10
A 87 16 2 -80 1 2 49 1 2 1 2 1 2 1 10
A 144 39 2 -71 1 2 -61 1 2 1 3 1 2 1 10
A 226 -29 2 -16 1 2 17 1 2 1 1 1 2 1 10
A -779 -76 2 -4 1 2 -94 1 2 1 2 1 2 1 10
A 966 -97 2 68 1 2 73 1 2 1 3 1 2 1 10
A 711 -84 2 -6 1 2 -27 1 2 1 1 1 2 1 10
A -188 42 2 94 1 2 -94 1 2 1 2 1 2 1 10
A 506 -40 2 -29 1 2 24 1 2 1 3 1 2 1 10
A -222 14 2 8 1 2 73 1 2 1 1 1 2 1 10
A 542 -18 2 12 1 2 67 1 2 1 2 1 2 1 10
A -361 12 2 61 1 2 35 1 2 1 3 1 2 1 10
A -839 -47 2 44 1 2 -97 1 2 1 1 1 2 1 10
A -830 -34 2 -22 1 2 28 1 2 1 2 1 2 1 10
A 258 62 2 32 1 2 -70 1 2 1 3 1 2 1 10
A 632 4 2 -84 1 2 21 1 2 1 1 1 2 1 10
A -409 -97 2 4 1 2 26 1 2 1 2 1 2 1 10
A 681 41 2 7 1 2 -26 1 2 1 3 1 2 1 10
A 427 -71 2 60 1 2 87 1 2 1 1 1 2 1 10
A 783 -80 2 76 1 2 56 1 2 1 2 1 2 1 10
A 341 -20 2 46 1 2 -82 1 2 1 3 1 2 1 10
A -390 -25 2 -70 1 2 -68 1 2 1 1 1 2 1 10
A 759 43 2 -95 1 2 15 1 2 1 2 1 2 1 10
A 811 -63 2 93 1 2 84 1 2 1 3 1 2 1 10
A -919 -54 2 -46 1 2 46 1 2 1 1 1 2 1 10
A -772 16 2 -61 1 2 -3 1 2 1 2 1 2 1 10
A -610 52 2 -95 1 2 64 1 2 1 3 1 2 1 10
A -370 -57 2 -53 1 2 -28 1 2 1 1 1 2 1 10
A -483 -74 2 -46 1 2 47 1 2 1 2 1 2 1 10
A 987 99 2 -59 1 2 32 1 2 1 3 1 2 1 10
A 326 2 2 -23 1 2 99 1 2 1 1 1 2 1 10
A 673 -52 2 -23 1 2 96 1 2 1 2 1 2 1 10
A -511 41 2 100 1 2 100 1 2 1 3 1 2 1 10
A -907 -54 2 -57 1 2 -89 1 2 1 1 1 2 1 10
A -722 75 2 77 1 2 -23 1 2 1 2 1 2 1 10
A -721 -77 2 22 1 2 95 1 2 1 3 1 2 1 10
A 259 59 2 -70 1 2 -15 1 2 1 1 1 2 1 10
A 277 82 2 -26 1 2 -95 1 2 1 2 1 2 1 10
A -608 -61 2 -36 1 2 -35 1 2 1 3 1 2 1 10
A -26 -9 2 -97 1 2 -72 1 2 1 1 1 2 1 10
A 516 -35 2 64 1 2 73 1 2 1 2 1 2 1 10
A 247 -32 2 -29 1 2 -7 1 2 1 3 1 2 1 10
A -262 35 2 59 1 2 -20 1 2 1 1 1 2 1 10
A 967 86 2 -20 1 2 0 1 2 1 2 1 2 1 10
A 990 0 2 -51 1 2 -93 1 2 1 3 1 2 1 10
A -747 64 2 -52 1 2 39 1 2 1 1 1 2 1 10
A -653 -97 2 -87 1 2 90 1 2 1 2 1 2 1 10
A 505 76 2 -77 1 2 -87 1 2 1 3 1 2 1 10
A 391 -33 2 96 1 2 -71 1 2 1 1 1 2 1 10
A 754 79 2 56 1 2 -77 1 2 1 2 1 2 1 10
A -277 90 2 -32 1 2 66 1 2 1 3 1 2 1 10
A -426 69 2 87 1 2 -54 1 2 1 1 1 2 1 10
A -754 -22 2 -65 1 2 -45 1 2 1 2 1 2 1 10
A 995 40 2 -86 1 2 11 1 2 1 3 1 2 1 10
A 456 70 2 42 1 2 82 1 2 1 1 1 2 1 10
A 965 -20 2 94 1 2 16 1 2 1 2 1 2 1 10
A -352 -81 2 98 1 2 6 1 2 1 3 1 2 1 10
A 477 -7 2 -7 1 2 -86 1 2 1 1 1 2 1 10
A -270 -74 2 26 1 2 -53 1 2 1 2 1 2 1 10
A -581 -2 2 -73 1 2 11 1 2 1 3 1 2 1 10
A 846 31 2 -89 1 2 -34 1 2 1 1 1 2 1 10
A 883 59 2 41 1 2 -45 1 2 1 2 1 2 1 10
A -481 6 2 58 1 2 -49 1 2 1 3 1 2 1 10
A 39 -57 2 -50 1 2 -52 1 2 1 1 1 2 1 10
A 782 -14 2 87 1 2 13 1 2 1 2 1 2 1 10
A 167 18 2 64 1 2 68 1 2 1 3 1 2 1 10
A -430 26 2 19 1 2 -69 1 2 1 1 1 2 1 10
A -772 -86 2 51 1 2 -58 1 2 1 2 1 2 1 10
A -735 -34 2 42 1 2 -94 1 2 1 3 1 2 1 10
A -403 47 2 -51 1 2 17 1 2 1 1 1 2 1 10
A -68 18 2 -28 1 2 17 1 2 1 2 1 2 1 10
A -871 -2 2 -17 1 2 35 1 2 1 3 1 2 1 10
A -453 -48 2 -6 1 2 -31 1 2 1 1 1 2 1 10
A 574 -59 2 -75 1 2 97 1 2 1 2 1 2 1 10
A 789 45 2 55 1 2 -27 1 2 1 3 1 2 1 10
A 976 23 2 88 1 2 11 1 2 1 1 1 2 1 10
A 436 89 2 -72 1 2 73 1 2 1 2 1 2 1 10
A -318 -7 2 54 1 2 57 1 2 1 3 1 2 1 10
A 360 56 2 -75 1 2 -91 1 2 1 1 1 2 1 10
A -453 32 2 55 1 2 66 1 2 1 2 1 2 1 10
A -42 63 2 -76 1 2 -8 1 2 1 3 1 2 1 10
A -318 -43 2 44 1 2 89 1 2 1 1 1 2 1 10
A 651 -50 2 -94 1 2 -34 1 2 1 2 1 2 1 10
A -940 -72 2 -82 1 2 -17 1 2 1 3 1 2 1 10
A -55 84 2 -34 1 2 -17 1 2 1 1 1 2 1 10
